1.0	2.0	6.356609525447454
1.0	3.0	6.305740055638094
2.0	4.0	6.760893568070995
4.0	5.0	6.6435132353548925
5.0	6.0	7.023694378539284
6.0	7.0	8.40247198055875
6.0	8.0	6.097455187653794
7.0	9.0	10.0
7.0	10.0	5.575632738752446
9.0	11.0	9.972496904194438
9.0	12.0	5.739416913018086
11.0	13.0	9.664994796950921
11.0	14.0	7.276779326832114
13.0	15.0	6.162258905307484
13.0	16.0	7.393761798690471
3.0	17.0	6.296555668486894
3.0	18.0	6.249319732235345
17.0	19.0	6.103918098353139
19.0	20.0	6.132784503840197
19.0	21.0	6.301484276167154
20.0	22.0	5.565953268821623
22.0	23.0	2.7288719553869187
23.0	24.0	5.563894188269461
24.0	25.0	5.826759854851263
25.0	26.0	5.709215777974122
26.0	27.0	3.515574924036605
27.0	28.0	5.5967201063915
27.0	29.0	5.343348940193879
28.0	30.0	5.002372135535893
30.0	31.0	5.050724714798386
30.0	32.0	4.715352850372634
31.0	33.0	3.588095490468477
31.0	34.0	4.4390641432487055
33.0	35.0	2.7812138880254818
33.0	36.0	3.9236929728361396
35.0	37.0	1.6727734100595018
37.0	38.0	3.364088343603151
37.0	39.0	6.261219718914054
8.0	40.0	5.640596193434658
8.0	41.0	4.626525545976187
40.0	42.0	6.85662260267321
40.0	43.0	3.4950387529454128
42.0	44.0	3.30295820911318
44.0	45.0	3.4733573667010966
44.0	46.0	3.2513118493198565
45.0	47.0	5.468202257917824
41.0	48.0	4.749340898774848
48.0	49.0	5.2048277807273635
48.0	50.0	4.53806097110078
49.0	51.0	3.9941861885624212
51.0	52.0	3.657479360970167
52.0	53.0	3.983422573100712
39.0	54.0	2.676689649992815
54.0	55.0	3.9354592934510944
54.0	56.0	1.8014974682646754
55.0	57.0	3.5976225744369774
55.0	58.0	1.8588955115194001
57.0	59.0	1.6322510732617737
57.0	60.0	2.4679751614030554
59.0	61.0	1.1793314593415014
59.0	62.0	6.459840761257848
61.0	63.0	5.718203573207601
43.0	64.0	5.331021234563166
64.0	65.0	4.127899749059013
65.0	66.0	2.9352975624870092
66.0	67.0	3.65973333921697
67.0	68.0	3.374776626016765
46.0	69.0	3.8988477766682212
29.0	70.0	4.186288369255997
70.0	71.0	3.2015364776582143
70.0	72.0	3.384620302260106
71.0	73.0	4.2211439402849456
71.0	74.0	3.454727866036068
34.0	75.0	5.0119746250167205
34.0	76.0	2.7732904836401118
75.0	77.0	2.629676489258668
77.0	78.0	2.495801570222585
76.0	79.0	2.3824750895422344
76.0	80.0	2.5880127729524665
14.0	81.0	5.211402495288112
14.0	82.0	5.76376179140161
72.0	83.0	5.7834959774337324
74.0	84.0	4.258693790196999
84.0	85.0	5.3189419614274245
84.0	86.0	5.04711533551044
56.0	87.0	4.618309405448833
87.0	88.0	3.8811933816494513
36.0	89.0	4.955217042348205
36.0	90.0	4.052679160933941
82.0	91.0	3.43212942411458
16.0	92.0	3.7052462695483106
16.0	93.0	3.9283876637289223
92.0	94.0	3.398180700301801
92.0	95.0	6.180799006917842
94.0	96.0	1.4402205278854354
63.0	97.0	4.542894346405557
63.0	98.0	4.803222019811343
68.0	99.0	3.587391965668656
50.0	100.0	1.0
50.0	101.0	1.2359569293600823
100.0	102.0	3.1407679487225986
102.0	103.0	4.920872569913256
102.0	104.0	4.3716509769554825
80.0	105.0	4.642406446040491
80.0	106.0	4.4212941672736354
98.0	107.0	4.481409890228031
98.0	108.0	5.176615880543079
107.0	109.0	3.5235965375454343
107.0	110.0	1.2645579315889348
104.0	111.0	1.6402816009931516
