	LS.original	LS.constrained
0	-0.012429165678290388	0.0
1	-0.024778234890294102	0.0
2	0.07583432331560722	0.039139691013576394
3	-0.05647472948121811	0.0
4	0.07674703407059995	0.04236137234327786
5	0.07809932338176653	0.07969315338868443
6	0.08381204575014485	0.0219148385971768
7	0.0795603015366952	0.0
8	-0.05280167977328027	0.0
9	0.05421085807936288	0.04241277786474851
10	-0.052457278713185604	0.0
11	0.00824465591892489	0.0013075556158947954
12	0.0579898022442525	0.03859126821122616
13	-0.05573011314453124	0.0
14	0.05706071925108219	0.02723017782820847
15	0.21866950258799747	0.08556776791679935
16	0.054934137785636925	0.019103544452457044
17	-0.13014962729320567	0.0
18	0.11019285790298484	0.11083973223004273
19	-0.004691493788049762	0.0
20	-0.0011569393541503853	0.0
21	0.008776403299637539	0.0
22	0.049768812146957914	0.0
23	-0.06064335157336119	0.0
24	-0.034227189398277055	0.0
25	0.028957185997756235	0.0
26	0.08601270113742496	0.0803930591102565
27	0.12374555360974072	0.06038762256594127
28	-0.047339534461728595	0.0
29	-0.09132864495321608	0.0
30	0.187772259149802	0.1505255042115453
31	0.18380769198559746	0.03599278743807277
32	0.12216720720139425	0.11196381368348862
33	-0.14946948870869625	0.0
34	0.07364880697500994	0.05455503699424137
35	0.02495018640615871	0.017287064666812124
36	0.025164652763671747	0.0044633349584397575
37	-0.024918184147155215	0.0
38	0.039466939048067085	0.04590065092109459
